D8S1179,D21S11,D7S820,CSF1PO,D3S1358,TH01,D13S317,D16S539,D2S1338,D19S433,vWA,TPOX,D18S51,D5S818,FGA,population
21,59,17,21,34,13,22,23,41,30.2,33,19,35,24,47,Caucasian
29,55,20,18,33,15.3,23,26,38,27,36,21,35,26,47,African American
22,60,19,21,32,16,22,22,46,25,33,21,25,22,40,Caucasian
26,61.2,17,20,31,16,21,22,44,27,35,19,28,22,47,African American
29,63.2,20,24,33,15.3,26,24,43,28,34,16,28,25,43,Caucasian
31,58,21,23,32,15.3,24,24,42,28,36,18,27,21,45,Caucasian
27,56,23,20,33,15,26,19,43,28,36,20,41,22,47,African American
27,66,21,22,31,16,23,23,44,30.4,32,16,35,24,42,African American
26,60,22,22,31,18.3,22,24,43,29,33,16,34,25,43,Caucasian
24,55.2,21,24,31,18.6,23,22,37,27,32,19,34,22,43,Caucasian
26,60.2,22,21,33,17.3,20,23,44,28,33,17,33,24,41,Caucasian
31,57,18,23,30,15,23,18,49,29.2,32,19,31,25,43,African American
26,61.2,18,23,34,16.3,23,24,41,27,30,21,32,22,44,Caucasian
29,58,21,22,34,15.3,23,23,38,28,32,20,30,22,46,Caucasian
27,60,20,20,31,15,23,25,40,25,31,14,28,25,48,African American
28,61.2,18,23,29,15.3,20,21,33,26,37,20,30,21,44,Caucasian
25,58,20,24,32,17,23,22,33,24,34,21,26,22,48,African American
26,64,19,21,33,13,23,20,43,27,33,14,38,26,47,African American
24,58,19,22,35,18.6,20,22,44,27,36,18,32,24,44.2,Caucasian
26,61.2,16,25,31,17.3,21,22,34,28,34,16,28,23,41,Caucasian
28,58,22,22,33,13,24,21,44,29,34,19,33,24,44,African American
27,60.2,21,23,33,18.3,21,21,43,28,33,19,32,20,44,Caucasian
28,56,21,22,33,13,24,22,35,28,34,19,32,24,46,African American
26,59,17,23,31,12,25,22,43,28,33,19,27,24,51,Caucasian
26,58,22,22,30,18.6,22,23,42,29,33,19,34,24,40,Caucasian
25,59,20,18,33,15.3,21,25,33,29.2,35,19,27,24,42,Caucasian
26,58,19,22,30,15,24,22,44,25,32,17,31,23,47,African American
29,62.2,20,21,33,18.6,24,24,41,27,32,18,22,20,45,Caucasian
25,59.2,21,23,30,18.6,20,25,34,28,37,17,28,23,44.2,Caucasian
24,56,19,19,31,18.6,24,21,36,26,31,20,35,26,40,African American
27,59,19,20,34,15.3,17,22,46,28,34,17,33,23,44,Caucasian
24,58,18,20,29,16,23,23,38,23,32,18,33,23,47,African American
26,58,18,23,36,16.3,25,24,35,27,34,20,31,24,45,Caucasian
26,58,19,22,32,15.3,24,21,42,27,33,17,31,23,45,Caucasian
24,61,19,17,32,15,20,23,45,27,35,19,33,22,52,African American
30,62.2,19,22,34,15,19,20,47,27.2,35,20,31,23,46,Caucasian
25,61,18,23,34,15,22,23,38,27,34,21,33,24,45,Caucasian
29,57,22,23,30,16,23,20,33,26,30,17,28,25,45,Caucasian
26,60.2,19,21,34,16.3,23,24,40,28,30,17,29,23,43,Caucasian
29,62.2,23,25,31,12,24,23,38,30.2,30,20,32,25,47,Caucasian
28,60.2,23,22,31,16.3,23,24,44,30,36,20,37,24,42,Caucasian
22,60.2,21,23,31,17,24,24,36,29,29,22,29,24,40,Caucasian
25,56,19,22,33,17,23,24,47,27,32,19,31,21,43,Caucasian
26,62,21,22,35,14,20,21,47,25,30,22,32,24,49,African American
22,61,19,20,30,18,23,25,44,26.2,32,16,24,24,42,Caucasian
27,57,17,21,33,14,24,21,37,29,35,19,33,19,47,African American
28,58,20,22,30,15,25,19,46,28,35,19,32,26,46.2,African American
26,58,22,24,34,16.3,23,23,40,32,33,17,31,24,45,Caucasian
29,66,20,17,30,14,25,22,42,25,36,19,29.2,25,48,African American
25,61.2,17,24,34,12,23,20,47,27,35,21,24,24,43,Caucasian
23,58.2,18,24,30,14,26,23,39,26,34,16,30,21,41,Caucasian
29,60.2,20,21,35,15,24,18,40,29.2,32,23,28,21,43,Caucasian
22,60,22,22,35,12,26,25,45,28,29,18,31,21,45.2,Caucasian
24,60,23,22,32,12,22,24,45,26,33,19,28,23,42,Caucasian
23,57,21,22,32,17,23,22,37,30,31,17,31,22,45,Caucasian
28,59,18,18,32,15,22,23,45,27,33,14,33,22,46,African American
28,57,19,22,32,13,26,18,44,27,32,20,36,25,52,African American
21,60.2,24,22,31,13,25,22,42,32.2,32,16,29,21,42,Caucasian
25,61.2,20,23,31,18.6,24,23,39,27,37,20,33,24,48,Caucasian
24,58,20,25,32,13,25,24,44,28.2,36,16,33,23,48,African American
26,62.4,21,24,34,15.3,21,21,43,27,33,19,29,24,46,Caucasian
28,58,21,23,31,13,26,25,37,25,35,16,34,24,44,African American
26,59,21,22,32,18.6,21,23,39,28,33,20,33,24,47,Caucasian
25,57,22,23,31,16.3,17,23,34,29,33,19,27,25,41,Caucasian
23,63.4,16,22,32,14,24,22,40,26,34,16,30,21,50,African American
30,62,23,22,32,14,25,25,38,30.2,32,19,26,22,46,African American
26,57,19,22,35,12,24,25,48,27.2,32,16,32,24,48,African American
19,60,21,20,29,14,20,19,43,26.4,31,21,29,22,43,African American
22,61,22,25,31,16,22,24,43,25,36,20,27,21,46,Caucasian
28,58,19,20,33,16,20,21,47,28.2,32,14,28,26,44,African American
24,62.2,19,24,32,18.6,20,24,43,28,36,19,26,23,39,Caucasian
25,59.2,19,21,30,17.3,16,22,50,31.2,35,16,29,25,43,Caucasian
25,56,20,23,32,17.3,25,20,35,27,36,15,33,25,45,African American
26,56,19,24,31,12,23,26,43,29,37,16,27,23,44,Caucasian
27,62.2,19,22,31,14,23,22,43,24.2,34,19,25,23,46,African American
26,59,22,24,32,19.3,22,25,36,27,31,19,28,23,43,Caucasian
28,58,17,23,33,15,22,25,43,29,31,17,24,23,43,Caucasian
25,59,22,21,33,15.3,21,25,36,30,31,16,27,22,44,Caucasian
24,61.2,18,22,34,16,18,24,40,27,35,22,28,25,44,Caucasian
24,59.2,21,23,30,17,20,23,41,26.2,32,17,32,26,48,African American
27,62,22,24,30,14,20,19,43,27.4,33,17,38,24,46,African American
29,56,21,19,34,17.3,23,20,42,25,31,16,32,24,44,African American
24,58,22,23,30,18.6,22,25,43,28,35,16,25,24,47.2,Caucasian
28,61.2,20,21,33,16,24,22,39,27.2,30,16,36,23,46,African American
25,60,21,23,31,18.3,20,21,36,27,31,16,29,23,41,Caucasian
31,57,21,19,32,17,23,23,36,27,31,18,36,24,42,African American
25,63,24,20,32,14,23,23,40,27,34,23,38,25,47,African American
25,58,17,22,32,18.6,22,21,43,27.2,36,17,31,23,44,Caucasian
25,61.2,20,20,29,17,23,21,42,27.2,36,21,27,25,50,African American
26,59,19,22,32,14,23,21,41,27,34,17,22,24,45,Caucasian
27,59,20,19,30,19,22,24,48,27,37,19,30,23,40,Caucasian
21,59.2,21,27,33,17.3,24,19,36,27.2,31,22,35,23,44,Caucasian
32,60,20,23,31,15,22,24,42,29,34,16,29,22,43,Caucasian
25,60.2,18,23,35,15,23,22,42,28,28,16,27,23,47,Caucasian
27,59,21,21,30,17.3,25,22,39,28,34,18,32,24,49,Caucasian
24,56,19,22,32,16.3,22,22,42,28,35,19,33,22,41,Caucasian
24,57,17,22,33,16.3,23,20,42,28,33,14,34,24,48,African American
29,57,22,23,30,16.3,24,21,43,28,35,21,31,22,47,African American
24,64.2,21,23,34,13,25,22,40,29.2,31,16,34,21,46,Caucasian
27,58,23,25,33,15.3,19,23,44,27,33,17,35,23,44,Caucasian
27,60.2,19,20,33,18,24,25,46,29,34,21,31.2,26,43,African American
28,61.2,19,25,32,14,16,22,40,29,35,22,30,24,42,Caucasian
26,61,20,23,33,15,22,22,37,28,34,16,34,23,41,Caucasian
28,55,18,17,32,16,24,25,45,27.2,29,21,31,20,45,African American
27,62.2,18,22,31,20,20,22,38,26,32,19,29,24,46,Caucasian
27,61,22,23,32,16,24,23,47,23,29,14,35,23,46,African American
27,59,21,24,30,15,24,23,45,29,31,15,31,24,50,African American
26,56,24,24,34,15.3,24,17,39,29,33,23,34,23,43,Caucasian
24,58,20,19,30,15.3,23,24,43,29.4,31,19,36,25,46,African American
25,59.2,22,23,33,13,24,22,47,28,35,16,30,23,44,Caucasian
28,60,21,22,31,13,26,20,41,24,32,12,31,25,44.2,African American
23,63,20,20,31,18.3,20,21,47,31.2,30,23,33,22,52.2,African American
25,56,20,20,33,18.3,22,23,38,29,34,22,28,24,42.2,Caucasian
27,66.2,21,22,31,13,25,22,46,28,35,18,32,23,46,Caucasian
26,58,18,20,33,12,25,24,45,26,35,16,30,25,43,Caucasian
30,56,20,22,34,16.3,24,18,39,27,30,23,37,24,44,African American
28,61.2,19,24,34,17,24,22,46,30,33,19,26,20,42,Caucasian
28,59.2,23,20,32,16.3,24,25,37,32.4,30,17,38,20,43,African American
24,60,22,22,33,16.3,20,21,44,28,34,16,31,25,47,Caucasian
26,60,21,22,36,18.3,25,25,41,28.2,36,20,27,25,49,Caucasian
27,63.2,22,22,33,17.3,20,22,40,28,30,14,33,22,38,African American
26,59.2,15,25,29,16.3,25,23,42,28,28,18,31,23,40,Caucasian
25,59,18,24,32,16.3,20,21,43,27,31,17,33,27,41,Caucasian
23,61.2,20,22,33,15.3,20,24,35,26,36,16,29,23,45,Caucasian
22,63.2,20,24,34,16.3,26,21,48,29.2,34,16,27,24,45,Caucasian
23,57,20,22,33,16,22,23,44,27,32,21,35,24,46,African American
23,64.4,19,23,32,17.3,19,21,46,27,36,17,34,18,42,Caucasian
29,63,21,19,34,18.6,23,23,40,26,34,15,36,20,44,African American
27,57,20,22,33,14,23,22,41,24,38,16,30,22,43,African American
23,59,18,24,31,14,23,25,47,27,34,19,32,24,42,Caucasian
28,61.2,15,22,31,15,23,24,40,28.2,32,18,39,22,42.2,African American
25,59,17,24,32,14,26,23,44,28.2,34,18,31,22,42,Caucasian
26,55,21,22,31,15,23,21,47,25,31,16,32,25,51,African American
21,60,24,23,29,16.3,19,25,43,29.2,35,19,30,24,48,Caucasian
27,62.2,19,20,34,17.3,16,23,33,28,36,19,32,24,48,Caucasian
26,61.2,23,25,34,18.6,27,25,38,25,35,16,28,24,41,Caucasian
19,57,17.1,20,31,15,20,23,41,28.2,35,20,28,20,43.2,Caucasian
29,58,22,24,32,18,26,23,38,30,32,20,26,20,45,Caucasian
28,62.2,19,20,34,13,21,20,37,27,33,20,27,25,41,Caucasian
27,67.2,20,21,32,15,22,23,38,23,34,19,36,25,39,African American
29,58,18,22,33,16.3,24,24,36,26,33,19,31,26,49,African American
26,61.2,20,23,30,14,27,22,49,29.4,32,17,29,24,47,African American
28,62.2,20,24,34,15,17,18,40,24,33,16,33,24,43,Caucasian
27,63.4,21,18,32,14,23,20,38,26,31,17,34,21,42,African American
29,62.2,22,21,31,14,27,21,47,29.2,32,18,34,23,46,African American
28,60.2,20,23,32,17.3,20,23,48,27,33,19,34,23,49,African American
25,56,21,23,31,16,24,21,43,28.2,32,19,35,23,48,African American
30,56,22,21,30,16,24,20,39,26,31,16,34,26,42,African American
30,61,21,21,30,14,23,25,42,26,33,14,36,22,49,African American
23,59,19,24,35,15.3,24,20,46,28,33,16,30,24,43,Caucasian
28,55,15,24,32,17,24,24,43,29.2,35,18,31,25,44,African American
24,63.2,22,25,31,14,24,25,38,25,32,23,30,25,40,Caucasian
29,56,21,21,34,15,25,19,41,27,30,16,29,24,47,African American
26,59,21,19,33,15,23,18,35,27.2,36,16,33,24,44,African American
25,57,18,24,30,17.3,21,26,40,25.2,33,16,33,26,49,African American
28,58,23,22,32,18.6,20,22,46,28,33,22,28,22,47,Caucasian
23,62.2,18,23,30,12,21,24,43,28,30,19,32,24,47,Caucasian
27,61.2,21,24,31,13,22,23,46,30.4,35,17,31,25,43,Caucasian
27,65.2,16,24,32,18.6,17,24,47,28,34,16,29,24,42,Caucasian
22,60,17,22,33,13,24,20,36,27.2,35,16,31,25,39,African American
26,60,22,25,34,18,16,21,41,26,34,17,28,21,45,Caucasian
26,57,22,22,32,13,20,21,36,29.2,34,22,26,22,44,Caucasian
29,58,18,17,35,13,23,23,47,27,32,15,35,24,44,African American
25,60.2,21,24,31,15,21,23,41,29,33,21,28,25,43,Caucasian
30,60,17,22,31,17,24,20,37,27,30,23,32,24,45,African American
27,62.2,20,20,34,17,22,22,39,29.2,32,19,28,23,41,African American
27,58.2,16,23,32,15,24,20,47,25.2,33,14,33,25,53,African American
27,56,19,23,31,12,16,23,49,28,35,16,32,24,48,Caucasian
28,57,20,24,31,16,21,21,45,28.4,33,17,32,20,45,African American
25,59,22,22,32,17,24,21,39,26,33,19,27,24,43,Caucasian
25,58,24,21,29,17.3,20,20,41,25,35,19,29,25,45,Caucasian
29,62,22,22,30,15.3,23,23,44,26,34,17,33,24,44,African American
29,60.2,18,24,33,18.6,23,23,34,26,32,17,32,24,48,Caucasian
28,66.2,21,21,31,15,23,22,40,30.4,28,16,34,24,50,African American
29,56,21,26,31,17.3,22,22,47,27,34,12,30,23,45,African American
27,56,19,20,30,14.3,19,19,42,28,32,16,32,24,48,African American
29,56,17,23,32,16,24,25,41,24.2,34,19,31,21,46,African American
28,59,22,24,34,16,17,25,44,29.2,35,17,27,24,49,African American
29,61,20,19,33,17.3,25,21,39,26,34,16,36,21,46,African American
24,59,20,25,31,15.3,25,25,40,30,33,16,39,23,43,Caucasian
27,59,18,17,31,14,25,22,41,27.2,32,22,31,21,47,African American
23,57,21,23,32,12,23,25,48,28,33,22,31,22,39,Caucasian
28,59,21,24,32,15.3,24,22,37,28,34,16,31,24,43,Caucasian
28,64.4,20,22,32,15,22,18,49,27.2,33,14,32,26,39.2,African American
26,62.2,18,25,32,18.6,20,23,40,26,37,17,32,22,46,Caucasian
28,58,18,20,32,16.3,24,21,36,26,32,19,34,25,44,African American
25,61.2,18,23,31,13,24,22,42,21,32,16,32,22,59.2,African American
23,63,20,19,32,12,25,20,45,25,34,18,30,18,43,African American
28,64.4,18,18,32,14,22,24,42,29.2,34,20,38,20,45,African American
27,60,18,24,34,16,23,23,40,26,36,17,28,24,45,Caucasian
30,57,17,20,34,14,23,21,42,25.2,33,15,32,24,46,African American
25,62.2,19,20,33,16,16,24,44,23,32,23,34,24,43,Caucasian
27,58,22,24,32,15,23,25,43,29,31,16,34,23,43,Caucasian
26,57,18,22,31,13,24,23,44,27.2,37,20,29,21,43,African American
27,56,18,20,33,16,23,21,41,30,35,20,27,21,45,African American
28,56,22,19,33,14,24,25,44,29.2,33,19,33,25,48,African American
24,61,23,22,33,13,22,25,37,29,35,16,32,23,42,Caucasian
24,57,17,21,36,13,23,24,46,26,37,19,31,23,40,Caucasian
27,56,21,23,35,16.3,24,23,41,27,33,20,30,21,45,African American
30,57,19,25,32,17.3,23,17,44,24,30,19,29,23,53,African American
26,59,17,19,33,13,24,19,38,26,34,16,34,24,48,African American
28,62.2,20,23,31,13,22,23,39,26,30,19,29,23,42,African American
25,61,21,23,26,16.3,23,24,34,28,35,19,28,19,45,Caucasian
30,59.2,22,24,29,18.3,26,24,41,29,33,22,33,26,45,Caucasian
26,57,16,25,34,15,23,24,37,28.2,34,22,32,24,45,African American
28,60,22,24,31,15,26,26,44,24,35,18,29,26,40,African American
26,63.2,17,18,31,17.3,24,20,42,27,30,19,31,24,44,African American
26,58,23,23,31,15.3,24,23,32,27,33,19,26,24,45.2,Caucasian
27,58.2,23,22,33,16,24,19,42,25,36,22,38,24,45,African American
23,58,17,20,31,13,23,21,41,29.2,31,17,34,22,46,African American
27,59,19,26,33,13,24,22,38,30,31,20,28,23,47,Caucasian
27,60,23,23,33,18,23,23,46,26.2,34,19,26,25,41,African American
30,56,22,20,31,14,22,22,40,23.2,31,19,34,24,44,African American
28,59.2,21,23,31,16.3,22,21,40,28,33,18,30,25,48,Caucasian
27,56,16,22,33,15,25,20,37,27,34,14,33,24,48,African American
27,58,21,22,32,16.3,22,25,43,28.2,31,15,32,21,50,African American
23,59,19,23,32,13,18,24,45,29,31,19,28,23,50,Caucasian
29,61.2,22,22,30,15.3,25,26,43,27,32,16,27,23,42,Caucasian
24,59.2,18,22,34,13,23,23,35,28,33,16,29,23,43,Caucasian
27,59.2,18,23,32,16,23,22,43,25.2,35,18,32,22,50,African American
22,57.2,21,24,31,17,25,20,47,28.2,32,19,39,24,50,African American
25,61.2,20,24,30,15.3,23,25,39,28,35,19,37,22,47,Caucasian
24,62.4,21,25,30,15.3,25,21,44,26.2,34,20,27,21,46,Caucasian
25,59,22,17,34,15,24,21,35,28,33,14,29,25,42,African American
28,60.2,22,21,36,15.3,24,21,49,27,32,20,31,22,43,Caucasian
25,65.4,23,24,33,18.6,24,26,43,28,34,19,37,25,49,Caucasian
28,57,21,18,32,16,22,22,47,27.2,31,19,34,25,44.2,African American
29,58.2,21,21,33,18.6,24,21,45,29,32,16,29,24,40,Caucasian
26,60.2,20,23,34,16.3,17,25,36,31,34,22,32,24,43,Caucasian
26,59.2,18,0,30,13,24,24,0,29.4,33,15,0,22,48,African American
24,60.2,18,21,35,18.6,20,25,50,26,28,16,33,22,45,Caucasian
28,58,18,17,31,14,23,21,41,27.2,33,16,29,21,49,African American
23,58,21,22,30,15,26,20,41,28,31,17,30,25,43,Caucasian
27,55,18,19,31,14,25,23,40,27.2,34,17,34,19,45,African American
23,58,17,23,32,15,26,18,48,25,32,19,26,24,45,African American
26,59.2,19,24,33,18.6,20,21,45,28,30,19,29,22,43,Caucasian
32,62.2,19,15,33,15,22,23,41,27,34,17,30,23,43,African American
29,58,21,23,32,13,23,22,33,28,34,17,35,23,47,African American
27,58,21,22,31,13,24,19,40,26,31,19,36,26,48,African American
28,64,17.3,21,30,16.3,24,21,40,25,32,21,25,22,49,African American
28,59,22,23,33,15,21,21,37,25,34,18,23,21,45.2,Caucasian
27,61.2,21,17,33,13,22,21,39,26,33,18,27,24,46,African American
27,65.4,17,22,31,14,25,20,37,25,33,16,31,25,42,African American
32,68.2,19,24,30,14,25,23,43,29.2,33,19,30,22,43,African American
28,56,18,23,30,15,23,24,41,29.2,34,19,33,23,46,African American
27,58,20,24,30,18.3,23,23,46,28.2,34,19,31,21,47,Caucasian
22,57,16,21,34,15.3,23,24,50,31,30,16,30,21,40,Caucasian
24,58.2,18,22,31,13,22,24,44,23,36,17,31,24,45,African American
26,64,20,19,33,15,24,21,49,27,34,19,30,22,47,African American
22,58,18,21,30,16.3,22,20,41,27,35,19,29,23,47,Caucasian
27,59,20,21,34,15.3,20,23,38,28.2,34,20,27,24,47,African American
19,62.2,20,24,33,14,20,22,46,26.2,29,17,30,26,40,African American
26,61.2,19,22,33,17.3,24,23,50,28,36,18,32,23,38,Caucasian
26,63.4,20,22,31,16.3,22,23,38,27,34,20,33,21,40,Caucasian
30,61.2,20,18,33,15,24,20,39,29.2,29,14,32,25,49,African American
28,58,23,20,32,14,25,22,46,25,30,15,27,23,43,African American
28,57,19,21,31,13,20,24,41,28,32,19,32,20,39,Caucasian
26,62.2,20,19,34,16.3,21,21,41,26.2,33,17,34,22,48,African American
29,60.2,18,23,30,16,23,19,38,25,33,19,32,21,46,African American
27,65.4,21,22,32,13,20,27,49,27,36,19,35,21,45,Caucasian
30,57,20,20,30,14,24,20,39,25.2,33,16,29.2,26,53,African American
22,60.2,24,23,33,13,22,18,34,27,33,16,28,24,43,Caucasian
27,61,18,22,29,14,23,21,36,28.4,36,17,31,26,47,African American
29,59,18,24,30,16.3,24,23,41,28,32,22,29,25,43,Caucasian
23,60,17,22,36,15.3,27,20,45,27,34,16,38,22,43,Caucasian
29,62.2,21,23,32,18.6,22,25,41,25,36,18,34,22,48,Caucasian
29,55,18,21,33,14,19,19,48,31.4,36,17,36,23,45,African American
30,63.2,22,21,31,16.3,23,20,44,30,35,16,31,24,49,African American
26,61,21,23,30,16,24,24,48,30,35,16,27,25,50,Caucasian
21,61,23,24,32,16.3,22,24,46,25,35,19,35,22,47,Caucasian
29,62.2,19,23,31,15,22,24,44,26.2,30,18,35,20,45,African American
22,59,19,25,34,16.3,23,22,49,27,31,16,36,23,46,Caucasian
28,61.2,16,18,31,17,25,25,42,25,37,17,37,24,45,African American
26,68,21,17,31,15,23,24,43,28.2,35,16,31,24,40,African American
27,61,22,25,33,15,25,21,41,26,35,18,35,22,47,African American
26,58,22,21,31,12,22,21,36,24,36,19,32,24,40.2,African American
25,57,20,23,31,13,25,26,40,26,37,21,34,24,45,African American
27,58,18,23,31,16.3,22,23,49,25,36,16,26,22,42,Caucasian
29,57,18,22,32,16,20,24,39,27,31,21,33,22,41,African American
27,59.4,18,21,31,18.6,17,25,37,31.2,33,19,29,23,44,Caucasian
28,57,18,21,32,17,24,20,42,29.2,34,17,37,23,49,African American
25,63,21,22,31,13,23,21,47,27,34,18,36,24,45,African American
20,60.2,20,22,34,14,25,23,44,29,33,20,27,22,38,Caucasian
25,64,21,19,31,16,24,17,48,25,38,15,33,17,49,African American
24,62.2,21,19,32,18,25,20,45,29,34,16,24,22,45,Caucasian
22,59,16,23,35,18.6,22,25,41,26,31,21,33,22,47,Caucasian
24,61,24,23,32,16.3,23,22,45,27,31,20,42,20,38,Caucasian
28,60.2,21,24,34,18.6,25,22,35,26,35,22,32,22,43,Caucasian
30,61.2,17,23,32,16.3,21,23,42,26.2,31,21,31,21,39.2,African American
29,60,18,21,31,15,23,18,46,26.4,31,19,26,23,48,African American
29,60,20,23,32,17,24,22,42,28,33,18,36,23,44,African American
30,67,20,23,30,15,24,24,39,29,30,22,24,25,47,African American
27,60,19,22,32,13,23,23,37,30,33,16,31,24,43,Caucasian
24,56,17,22,34,16.3,24,24,38,26,29,22,38,24,43,African American
26,60,20,24,32,12,19,20,43,30,33,17,30,26,46,Caucasian
28,60,21,23,30,14,23,21,39,29.2,34,16,34,23,46,Caucasian
31,59,21,21,33,15.3,24,18,44,28.2,35,17,33,23,41,African American
24,64,21,22,31,14,23,17,40,29,34,17,35,24,44,African American
28,57,22,24,32,15,24,25,42,26.2,36,14,35,22,46,African American
23,62.2,24,26,30,18.3,25,25,42,30,33,17,32,26,46,Caucasian
26,61,18,20,33,15,20,20,40,26,32,16,27,22,42,Caucasian
26,61.2,20,20,32,16.3,20,22,47,28,32,16,35,23,45,Caucasian
30,59,16,20,31,16,25,23,46,29.4,31,19,36,22,50,African American
23,64.4,18,23,36,18.3,23,23,37,25,35,18,31,23,43.2,Caucasian
27,58,21,21,34,16,23,20,36,28.2,34,25,36,23,40,Caucasian
27,60.2,19,22,31,15,21,22,49,27,35,19,25,26,45,Caucasian
25,61.2,20,24,30,17,19,23,35,27,33,19,28,22,49,Caucasian
29,59,23,21,32,17,25,25,45,28,35,21,29,24,45,Caucasian
28,56,21,23,30,18.6,22,25,42,29,33,16,28,22,46,Caucasian
27,57,22,21,32,13,24,23,37,22,33,20,36,21,50,African American
28,58,17,24,34,18.6,21,26,40,29,34,19,27,23,42,Caucasian
25,58,21,25,31,17.3,23,23,39,27,30,16,33,23,43,Caucasian
25,58,22,24,32,16,27,23,37,25,32,14,29,22,46,African American
26,59,23,23,33,12,20,20,39,32,33,17,34,22,43,Caucasian
26,63,23,22,32,16,25,23,42,26.2,32,19,38,24,44,African American
29,60,20,21,32,16.3,25,21,39,24.2,31,15,33,27,48,African American
31,56,16,18,30,13,25,21,48,29.2,32,16,36,25,45,African American
26,60.2,19,23,29,18,22,17,35,23,34,16,38,24,46,African American
27,57,21,21,32,17,26,23,46,24,34,18,32,23,47,African American
27,60,17,23,30,16,22,22,42,27.4,33,19,32,20,46,African American
29,57,22,22,31,16,23,23,37,29.2,32,20,31,25,46,African American
31,59,21,23,30,14,22,21,40,29.2,32,22,33,24,44,African American
28,60.2,18,22,33,18.6,26,24,44,27,34,17,26,23,43,Caucasian
26,57,21,24,28,16.3,23,23,45,25,32,22,32,23,45,Caucasian
25,59,20,25,31,16,24,21,35,27.2,31,19,34,25,47,African American
24,62.2,21,22,33,18.6,24,19,35,28,35,19,30,20,42,Caucasian
30,62.2,23,22,32,15,24,24,36,24,33,19,30,22,39,African American
27,60.2,23,18,29,14,24,20,41,28.2,33,17,31,19,44,African American
21,58,19,21,32,12,21,25,45,29,33,20,27,24,43,Caucasian
28,59,20,22,30,16,26,23,39,28.2,33,19,31,25,52,African American
28,62,17,22,30,14,22,22,41,27,28,14,32,22,40.2,African American
26,60,19,19,33,16.3,24,19,48,27.2,31,17,29,24,48,African American
28,58.2,16,24,33,14,17,24,40,29.2,32,19,28,24,40,Caucasian
26,61.2,19,22,30,16.3,24,24,41,29,33,17,29,22,43,Caucasian
25,57,17,21,32,16.3,20,23,37,32,34,16,32,23,44,Caucasian
27,59,21,21,32,13,20,17,50,28.2,33,15,27,21,48,African American
26,64,19,17,31,14,23,19,45,25,34,19,33,16,47,African American
26,60,19,20,30,18,23,25,41,29,34,20,33,23,42,Caucasian
27,55,17,24,31,14,25,23,38,29,35,19,31,23,45,African American
27,58,20,22,31.2,16,22,23,42,28,33,17,32,21,50,African American
26,60,20,25,33,16.3,25,24,42,25,32,18,26,21,47,Caucasian
26,60,20,23,31,16.3,22,21,41,28,36,19,37,23,45,Caucasian
28,61,20,22,31,14,23,17,42,29,32,22,33,24,48,African American
28,65.3,19,22,30,17,24,20,45,28.2,31,17,26,23,42,African American
26,59,19,24,33,16,24,24,44,29,39,22,33,23,49.2,Caucasian
25,58,18,23,32,13,24,22,40,28.2,32,15,39,24,41,African American
28,60,22,24,30,15,22,22,43,27.2,34,15,37,23,47,African American
29,67.2,21,24,33,13,24,20,40,26,32,16,37,20,47,African American
26,60,18,21,33,16.3,21,21,43,28,31,17,32,22,44,Caucasian
23,58,19,22,32,18.6,23,25,42,27,33,16,31,24,44,Caucasian
27,62.4,17,26,31,16.3,23,24,34,26,33,19,34,23,48,Hispanic
27,62.2,21,23,31,16.3,21,22,34,28.2,29,22,30,22,44,Hispanic
27,59,20,24,34,14,17,24,38,29,31,17,31,20,50,Hispanic
27,61,22,23,32,13,21,22,39,28,34,23,29,25,49,Hispanic
22,57,21,24,31,18.3,20,23,46,27.2,34,17,27,23,46,Hispanic
24,62.2,23,24,29,16.3,21,21,47,27.2,32,19,33,22,48,Hispanic
24,59,21,24,32,18.3,19,22,43,28,37,19,34,21,43,Hispanic
30,57,23,21,32,15.3,22,21,36,28,33,19,35,22,51,Hispanic
24,58,21,21,33,15,27,23,44,27.2,30,16,26,24,40,Hispanic
23,59,22,20,33,13,18,23,42,27,34,16,30,21,47,Hispanic
29,57,21,24,32,14,23,22,38,29.2,32,19,27,19,47,Hispanic
24,60,24,24,30,16.3,19,19,39,27,34,20,35,24,42,Hispanic
29,65.3,23,25,32,16,23,25,34,28,32,16,28,24,45,Hispanic
26,61.2,20,24,30,12,19,21,38,26,36,16,27,21,46,Hispanic
23,60,19,20,34,16,26,24,39,27,30,23,36,25,41,Hispanic
24,63.2,19,23,33,12,22,20,42,29,33,16,28,23,41.2,Hispanic
24,63,22,21,32,17.3,23,20,40,29,29,17,34,22,46,Hispanic
25,64.4,21,23,31,16.3,20,19,38,28,37,23,28,22,46,Hispanic
27,57,23,24,32,15,26,23,44,27,33,23,29,24,48,Hispanic
26,60,21,23,33,17.3,22,20,43,26.2,29,23,31,23,46,Hispanic
24,62.2,21,23,32,14,20,21,42,27,35,16,32,23,48,Hispanic
23,59.2,23,25,32,14,19,23,42,27.2,34,16,34,20,42,Hispanic
22,60,21,24,34,12,21,21,38,28,35,16,31,22,42,Hispanic
26,59,22,21,34,15.3,17,20,48,28,30,20,32,23,43,Hispanic
29,58,23,24,32,18.6,23,26,46,27.2,30,17,29,23,44,Hispanic
27,61.2,19,21,33,15,20,19,34,28,29,22,30,23,45,Hispanic
25,59.2,18,19,35,18.3,21,18,45,26,30,23,30,23,42,Hispanic
25,60.2,22,22,32,15,17,23,37,29.2,31,20,25,23,45,Hispanic
23,62.2,21,22,32,16.3,20,20,38,25.2,33,17,33,24,45,Hispanic
27,59,19,22,32,16,23,22,41,25,33,20,32,20,48,Hispanic
24,58,23,23,31,12,20,24,42,27,32,17,30,22,47,Hispanic
27,61.2,20,24,32,16,23,21,40,28,33,19,26,23,47,Hispanic
26,59,19,20,33,16.3,26,26,42,27,33,16,27,24,41,Hispanic
26,60,20,23,35,16.3,25,24,42,30,32,19,27,26,43,Hispanic
25,59,20,22,33,13,20,23,45,29.2,36,16,35,19,39,Hispanic
28,62.2,22,22,31,16,27,26,45,28.2,31,16,29,24,49,Hispanic
28,62.2,23,19,33,15,26,27,39,28,33,23,35,24,46,Hispanic
26,60,22,19,32,18.3,19,24,40,29.2,35,16,31,23,45,Hispanic
23,61,19,18,30,18,23,24,49,28,35,16,32,24,46,Hispanic
27,60,18,21,32,14,21,26,37,27,33,20,28,20,45,Hispanic
28,61.2,20,21,30,12,22,24,43,28,33,19,31,23,44,Hispanic
21,61.2,19,22,31,18,20,23,36,28.4,34,16,30,21,47,Hispanic
27,62.2,23,22,32,12,23,22,37,28.2,33,16,30,23,41,Hispanic
27,63.4,20,23,31,13,21,22,41,28.4,32,16,32,23,51,Hispanic
27,58,21,23,30,13,25,23,43,26,34,19,29,23,45,Hispanic
23,61,19,21,32,18.3,21,20,39,28.2,34,22,35,22,45,Hispanic
27,56,21,21,29,14,24,22,44,23,37,21,30,24,47,Hispanic
28,59,20,22,32,19.3,22,23,42,27,32,19,32,21,43,Hispanic
27,61.2,18,20,31,16,23,17,35,28,31,18,27,23,43,Hispanic
29,63.4,19,20,31,18.3,23,21,36,27.2,36,19,32,22,49,Hispanic
30,64.2,23,22,34,13,25,22,44,28,37,20,34,23,48,Hispanic
28,59,21,25,33,18.3,23,17,34,28,32,17,33,18,45,Hispanic
25,62.2,22,23,31,18,26,20,44,28,31,24,33,23,42,Hispanic
27,62.2,22,24,30,13,20,24,44,25,34,21,36,23,48,Hispanic
26,61.2,22,23,34,15.3,20,19,47,25,32,19,36,23,44,Hispanic
24,60.2,19,23,31,16.3,25,20,42,28,32,16,31,23,46,Hispanic
26,54,20,21,32,15.3,19,22,38,26.2,36,19,27,21,43,Hispanic
30,58.2,20,22,32,16,21,25,44,28.4,32,19,26,19,46,Hispanic
25,55,20,24,33,16,25,25,37,28,32,20,39,21,51,Hispanic
27,60.2,21,24,33,18.3,20,21,37,28.2,36,23,27,20,42,Hispanic
25,60,18,24,35,16.3,20,24,41,29.2,35,18,30,25,46,Hispanic
27,61.2,23,23,32,15,18,22,46,25,32,16,29,24,45,Hispanic
26,61,19,23,34,14,16,18,34,28,31,16,31,26,46,Hispanic
25,61.2,20,22,32,18.3,23,25,42,27,35,14,31,20,47,Hispanic
26,58,21,23,32,15.3,23,23,39,30.2,34,17,29,24,47,Hispanic
26,61.4,19,23,33,15,24,21,45,27,34,19,35,23,48,Hispanic
25,60.2,21,22,34,15,23,25,42,28,35,16,31,22,44,Hispanic
20,58,17,22,34,17.3,24,21,35,28.2,32,16,29,22,48,Hispanic
28,62.2,21,25,29,15.3,21,20,44,27,31,23,23,21,40,Hispanic
27,61.2,18,24,33,18.6,24,17,33,27,36,18,29,23,43,Hispanic
29,61.2,20,23,33,15.3,21,22,37,28.2,33,20,29,26,49,Hispanic
27,62.2,23,19,30,17,21,22,35,28,29,19,32,23,43,Hispanic
25,60.2,21,23,31,17.3,21,21,46,28,31,19,37,22,41,Hispanic
31,59,20,21,34,16.3,20,19,47,22,36,18,30,25,46,Hispanic
29,61.2,19,22,32,17.3,20,24,35,28,32,19,27,23,49,Hispanic
29,59,21,23,34,16,19,25,48,29,29,19,28,24,47,Hispanic
27,61.2,20,17,33,14,22,24,34,25,34,20,26,24,48,Hispanic
23,63.2,24,24,30,12,17,23,39,29,36,20,29,23,47,Hispanic
27,62.2,22,23,30,16,24,24,38,30.2,34,19,28,20,43,Hispanic
25,60.2,20,23,31,17.3,21,24,33,26,32,16,28,23,55,Hispanic
30,58,21,24,30,18.3,23,22,43,27,35,19,27,25,39,Hispanic
27,59,21,24,30,18.6,22,23,34,26,34,19,26,21,48,Hispanic
25,64.2,21,23,32,13,19,24,39,26,36,23,39,24,46,Hispanic
26,62.4,16,22,34,16.3,23,22,46,26,34,16,33,23,39,Hispanic
20,58,22,23,32,15,24,21,43,27,35,18,25,25,48,Hispanic
24,63.2,19,22,32,16.3,16,20,34,26,32,20,30,20,50,Hispanic
30,60,21,24,31,17,22,23,38,26,32,23,30,23,43,Hispanic
24,62.4,23,21,31,13,25,24,37,30,35,19,29,20,46,Hispanic
22,60.2,19,22,29,18,21,23,43,28,35,19,28,23,46,Hispanic
23,63.2,23,22,34,16,21,20,42,29.2,33,20,34,23,51,Hispanic
26,61.2,19,23,31,17,24,22,49,26,35,19,27,23,48,Hispanic
25,62.2,18,24,30,15.3,24,24,43,29,35,16,35,25,44,Hispanic
27,58,19,22,35,19.3,17,22,38,26,31,20,33,21,46,Hispanic
28,57,20,22,34,13,20,19,38,29,33,19,31,22,49,Hispanic
28,56,19,21,35,15,24,25,43,29,33,19,36,23,45,Hispanic
28,58,21,22,35,14,22,22,46,28,32,20,34,22,47,Hispanic
26,61.2,20,25,29,15.3,25,24,33,26,31,22,30,28,44,Hispanic
25,62.4,23,20,31,14,23,20,43,25,34,16,31,23,45,Hispanic
26,61.2,24,25,31,17,21,24,37,29,31,16,35,23,47,Hispanic
31,58,20,21,33,13,20,21,38,30,32,20,26,20,41,Hispanic
25,58,21,24,31,14,20,22,39,29.2,32,16,28,23,38,Hispanic
26,61.2,21,21,33,13,23,21,35,29.4,30,19,31,19,49,Hispanic
29,60.2,21,22,28,16,23,22,41,28,32,16,36,24,48,Hispanic
27,60.2,20,23,31,13,23,22,43,27,36,22,25,22,49,Hispanic
25,60,23,23,33,15.3,22,22,49,30.2,33,19,28,18,41,Hispanic
26,62.2,23,24,31,17.3,16,23,38,29.2,33,19,37,22,43,Hispanic
25,60,19,22,31,15,22,25,39,30,37,16,27,19,46,Hispanic
24,58,25,22,31,15,22,24,35,28,33,24,31,17,45,Hispanic
22,60,21,26,33,13,23,25,40,28,37,17,29,23,42,Hispanic
26,61.2,23,22,30,13,20,21,45,27,34,20,25,18,52,Hispanic
21,58,21,20,36,14,21,24,45,26.4,30,19,31,22,45,Hispanic
25,60,22,22,33,14,22,26,37,26,33,19,33,24,44,Hispanic
22,58.2,21,21,31,16.3,19,25,41,29,33,17,29,23,49,Hispanic
28,61,18,21.3,32,18.3,22,22,38,30.2,32,19,37,24,47,Hispanic
26,62.2,18,23,32,14,18,23,33,25,31,22,35,24,45,Hispanic
26,62.2,21,21,33,16.3,19,23,42,27,34,23,28,23,49,Hispanic
24,60.2,20,21,30,18.6,23,25,45,29,32,19,30,24,42,Hispanic
29,59.2,20,24,30,18.6,25,21,34,25,33,21,28,24,42,Hispanic
24,62.2,21.3,24,30,17,18,26,40,28,35,20,29,22,44,Hispanic
28,59,20,21,33,15,21,18,41,28,35,23,31,23,43,Hispanic
26,57,23,23,29,15,28,22,34,29,33,21,30,21,48,Hispanic
28,59.2,22,22,35,18.6,22,20,34,28,34,16,30,21,42,Hispanic
25,58,21,23,33,18.6,20,23,39,26.2,35,16,28,23,49,Hispanic
27,60.2,20,22,32,16.3,19,26,42,27,36,16,33,25,44,Hispanic
28,62.2,19,23,29,15,20,25,37,28,33,23,31,26,42,Hispanic
25,63,16,23,35,15,22,23,41,27.2,31,20,33,25,44,Hispanic
34,57,16,21,32,14,25,24,39,27,30,19,34,24,39,Hispanic
22,52.2,19,22,31,15.3,21,22,39,27,33,16,26,23,38,Hispanic
25,60.2,20,18,32,12,21,21,45,28,30,16,34,22,41,Hispanic
26,60.2,16,22,36,17.3,23,23,43,27,33,19,29,23,48,Hispanic
28,60.2,20,21,28,13,22,19,37,26,30,19,31,19,46,Hispanic
25,59,23,24,32,13,23,23,39,25,33,19,37,26,53,Hispanic
24,64.4,20,22,34,17.3,22,24,36,27,34,23,30,24,43,Hispanic
26,58,22,22,31,16.3,20,24,49,28,31,19,39,24,48,Hispanic
26,60,22,20,35,17.3,25,26,37,29,31,20,35,23,43,Hispanic
28,62.2,20,17,32,15.3,23,23,37,30,34,17,26,24,46,Hispanic
29,63.4,19,20,34,18.6,21,22,36,29.2,34,17,26,23,43,Hispanic
25,59,20,20,31,16,24,25,35,28,34,17,28,22,44,Hispanic
25,57,21,24,30,12,24,24,41,27,32,16,31,26,45,Hispanic
25,59.2,20,24,34,15.3,19,22,46,27.2,35,19,26,22,43,Hispanic
